10,255
10,88
10,141
10,223
10,222
10,200
10,113
11,23
11,17
11,10
11,24
11,14
11,18
9,5
8,18
8,16
8,12
8,11
8,14
8,15
8,2
8,3
0,318
12,2
12,1
12,3
20,2
20,1
20,3
19,2
19,1
19,3
36,13
36,12
36,11
36,10
36,9
36,8
36,7
36,6
36,5
36,4
36,3
36,2
36,1
36,0
35,7
35,6
35,5
35,4
35,3
35,2
35,1
35,0
34,108
34,107
34,106
34,105
34,104
34,103
34,102
34,101
34,100
34,99
34,98
34,97
34,96
34,95
34,94
34,93
34,92
34,91
34,90
34,89
34,88
34,87
34,86
34,85
34,84
34,83
34,82
34,81
34,80
34,79
34,78
34,77
34,76
34,75
34,74
34,73
34,72
34,71
34,70
34,69
34,68
34,67
34,66
34,65
34,64
34,38
34,37
34,36
34,35
34,34
34,33
34,32
34,31
34,30
34,29
34,28
34,27
34,26
34,25
34,24
34,23
18,1
34,1
18,3
34,4
32,5
32,3
32,1
30,4
30,1
29,5
